{
 "cells": [
  {
   "cell_type": "code",
   "execution_count": 3,
   "id": "c4e1828c",
   "metadata": {},
   "outputs": [],
   "source": [
    "import pandas as pd\n",
    "import folium\n",
    "from geopy.geocoders import Nominatim\n",
    "from geopy.exc import GeocoderTimedOut\n",
    "from docplex.mp.model import Model\n",
    "import docplex.mp.solution as Solution"
   ]
  },
  {
   "cell_type": "code",
   "execution_count": 4,
   "id": "1b67a5a2",
   "metadata": {},
   "outputs": [],
   "source": [
    "df = pd.read_excel(\"TSP Dataset/Dataset 1.xlsx\", sheet_name=0)\n",
    "df = df.set_index('İLÇE ADI') \n",
    "df.index.names = [None] \n",
    "df=df.fillna(0)"
   ]
  },
  {
   "cell_type": "code",
   "execution_count": 28,
   "id": "b9486fe4",
   "metadata": {},
   "outputs": [],
   "source": [
    "n = 16\n",
    "cities =[i for i in range(n)] \n",
    "edges =[(i,j) for i in cities for j in cities if i!=j]"
   ]
  },
  {
   "cell_type": "code",
   "execution_count": 29,
   "id": "eb27cda3",
   "metadata": {},
   "outputs": [],
   "source": [
    "m=Model('TSP')"
   ]
  },
  {
   "cell_type": "code",
   "execution_count": 30,
   "id": "f0c7ac68",
   "metadata": {},
   "outputs": [],
   "source": [
    "x = m.binary_var_dict(edges, name = 'x')\n",
    "u = m.continuous_var_dict(cities, name ='u')"
   ]
  },
  {
   "cell_type": "code",
   "execution_count": 31,
   "id": "7d4263f1",
   "metadata": {},
   "outputs": [
    {
     "data": {
      "text/plain": [
       "{0: docplex.mp.Var(type=C,name='u_0'),\n",
       " 1: docplex.mp.Var(type=C,name='u_1'),\n",
       " 2: docplex.mp.Var(type=C,name='u_2'),\n",
       " 3: docplex.mp.Var(type=C,name='u_3'),\n",
       " 4: docplex.mp.Var(type=C,name='u_4'),\n",
       " 5: docplex.mp.Var(type=C,name='u_5'),\n",
       " 6: docplex.mp.Var(type=C,name='u_6'),\n",
       " 7: docplex.mp.Var(type=C,name='u_7'),\n",
       " 8: docplex.mp.Var(type=C,name='u_8'),\n",
       " 9: docplex.mp.Var(type=C,name='u_9'),\n",
       " 10: docplex.mp.Var(type=C,name='u_10'),\n",
       " 11: docplex.mp.Var(type=C,name='u_11'),\n",
       " 12: docplex.mp.Var(type=C,name='u_12'),\n",
       " 13: docplex.mp.Var(type=C,name='u_13'),\n",
       " 14: docplex.mp.Var(type=C,name='u_14'),\n",
       " 15: docplex.mp.Var(type=C,name='u_15')}"
      ]
     },
     "execution_count": 31,
     "metadata": {},
     "output_type": "execute_result"
    }
   ],
   "source": [
    "u"
   ]
  },
  {
   "cell_type": "code",
   "execution_count": 32,
   "id": "cc29b735",
   "metadata": {},
   "outputs": [],
   "source": [
    "distances ={(i, j): df.iloc[i, j] for i,j in edges}"
   ]
  },
  {
   "cell_type": "code",
   "execution_count": 33,
   "id": "ab6882c4",
   "metadata": {
    "scrolled": true
   },
   "outputs": [
    {
     "data": {
      "text/plain": [
       "{(0, 1): 59.03976799,\n",
       " (0, 2): 67.80542849000001,\n",
       " (0, 3): 49.36197077,\n",
       " (0, 4): 61.77098388,\n",
       " (0, 5): 62.14474955,\n",
       " (0, 6): 50.89906439,\n",
       " (0, 7): 47.36359723,\n",
       " (0, 8): 46.32952767,\n",
       " (0, 9): 74.7942733,\n",
       " (0, 10): 59.54967153,\n",
       " (0, 11): 43.64795046,\n",
       " (0, 12): 53.32529212,\n",
       " (0, 13): 35.9767483,\n",
       " (0, 14): 62.46433121000001,\n",
       " (0, 15): 49.69779077,\n",
       " (1, 0): 59.03976799,\n",
       " (1, 2): 43.63400693,\n",
       " (1, 3): 29.78076195,\n",
       " (1, 4): 29.77196755,\n",
       " (1, 5): 29.39820189,\n",
       " (1, 6): 37.12515776,\n",
       " (1, 7): 23.92569771,\n",
       " (1, 8): 12.71024032,\n",
       " (1, 9): 21.81576921,\n",
       " (1, 10): 50.7913873,\n",
       " (1, 11): 20.21005093,\n",
       " (1, 12): 57.01576671,\n",
       " (1, 13): 75.99955125,\n",
       " (1, 14): 9.485827129999999,\n",
       " (1, 15): 29.44494195,\n",
       " (2, 0): 67.80542849000001,\n",
       " (2, 1): 43.63400693,\n",
       " (2, 3): 22.14815464,\n",
       " (2, 4): 13.86203937,\n",
       " (2, 5): 14.23580504,\n",
       " (2, 6): 18.5063641,\n",
       " (2, 7): 19.70830922,\n",
       " (2, 8): 30.9237666,\n",
       " (2, 9): 59.38851223,\n",
       " (2, 10): 7.15738038,\n",
       " (2, 11): 23.42395599,\n",
       " (2, 12): 13.38175978,\n",
       " (2, 13): 32.36554432,\n",
       " (2, 14): 47.05857014,\n",
       " (2, 15): 22.48397464,\n",
       " (3, 0): 49.36197077,\n",
       " (3, 1): 29.78076195,\n",
       " (3, 2): 22.14815464,\n",
       " (3, 4): 16.11371003,\n",
       " (3, 5): 16.48747569,\n",
       " (3, 6): 5.24179054,\n",
       " (3, 7): 7.000238840000001,\n",
       " (3, 8): 17.07052163,\n",
       " (3, 9): 45.53526726000001,\n",
       " (3, 10): 29.30553502,\n",
       " (3, 11): 9.570711020000001,\n",
       " (3, 12): 35.52991442,\n",
       " (3, 13): 54.51369896,\n",
       " (3, 14): 33.20532517,\n",
       " (3, 15): 0.33582,\n",
       " (4, 0): 61.77098388,\n",
       " (4, 1): 29.77196755,\n",
       " (4, 2): 13.86203937,\n",
       " (4, 3): 16.11371003,\n",
       " (4, 5): 0.37376566,\n",
       " (4, 6): 12.47191949,\n",
       " (4, 7): 5.84626985,\n",
       " (4, 8): 17.06172723,\n",
       " (4, 9): 45.52647286000001,\n",
       " (4, 10): 21.01941975,\n",
       " (4, 11): 9.56191662,\n",
       " (4, 12): 27.24379916,\n",
       " (4, 13): 46.22758369,\n",
       " (4, 14): 33.19653077,\n",
       " (4, 15): 16.44953003,\n",
       " (5, 0): 62.14474955,\n",
       " (5, 1): 29.39820189,\n",
       " (5, 2): 14.23580504,\n",
       " (5, 3): 16.48747569,\n",
       " (5, 4): 0.37376566,\n",
       " (5, 6): 12.84568515,\n",
       " (5, 7): 5.47250418,\n",
       " (5, 8): 16.68796157,\n",
       " (5, 9): 45.15270719,\n",
       " (5, 10): 21.39318541,\n",
       " (5, 11): 9.18815095,\n",
       " (5, 12): 27.61756482,\n",
       " (5, 13): 46.60134936,\n",
       " (5, 14): 32.82276511,\n",
       " (5, 15): 16.82329569,\n",
       " (6, 0): 50.89906439,\n",
       " (6, 1): 37.12515776,\n",
       " (6, 2): 18.5063641,\n",
       " (6, 3): 5.24179054,\n",
       " (6, 4): 12.47191949,\n",
       " (6, 5): 12.84568515,\n",
       " (6, 7): 18.31818934,\n",
       " (6, 8): 24.41491744,\n",
       " (6, 9): 52.87966307000001,\n",
       " (6, 10): 25.66374448,\n",
       " (6, 11): 22.03383611,\n",
       " (6, 12): 31.88812388,\n",
       " (6, 13): 50.87190842,\n",
       " (6, 14): 40.54972098,\n",
       " (6, 15): 5.57761054,\n",
       " (7, 0): 47.36359723,\n",
       " (7, 1): 23.92569771,\n",
       " (7, 2): 19.70830922,\n",
       " (7, 3): 7.000238840000001,\n",
       " (7, 4): 5.84626985,\n",
       " (7, 5): 5.47250418,\n",
       " (7, 6): 18.31818934,\n",
       " (7, 8): 11.21545738,\n",
       " (7, 9): 39.68020301,\n",
       " (7, 10): 26.8656896,\n",
       " (7, 11): 3.71564677,\n",
       " (7, 12): 33.09006900000001,\n",
       " (7, 13): 52.07385354,\n",
       " (7, 14): 27.35026092,\n",
       " (7, 15): 6.66441884,\n",
       " (8, 0): 46.32952767,\n",
       " (8, 1): 12.71024032,\n",
       " (8, 2): 30.9237666,\n",
       " (8, 3): 17.07052163,\n",
       " (8, 4): 17.06172723,\n",
       " (8, 5): 16.68796157,\n",
       " (8, 6): 24.41491744,\n",
       " (8, 7): 11.21545738,\n",
       " (8, 9): 28.46474563,\n",
       " (8, 10): 38.08114698,\n",
       " (8, 11): 7.499810610000001,\n",
       " (8, 12): 44.30552639,\n",
       " (8, 13): 63.28931092,\n",
       " (8, 14): 16.13480354,\n",
       " (8, 15): 16.73470163,\n",
       " (9, 0): 74.7942733,\n",
       " (9, 1): 21.81576921,\n",
       " (9, 2): 59.38851223,\n",
       " (9, 3): 45.53526726000001,\n",
       " (9, 4): 45.52647286000001,\n",
       " (9, 5): 45.15270719,\n",
       " (9, 6): 52.87966307000001,\n",
       " (9, 7): 39.68020301,\n",
       " (9, 8): 28.46474563,\n",
       " (9, 10): 66.54589261,\n",
       " (9, 11): 35.96455624,\n",
       " (9, 12): 72.77027201,\n",
       " (9, 13): 91.75405655,\n",
       " (9, 14): 21.88562826,\n",
       " (9, 15): 45.19944726,\n",
       " (10, 0): 59.54967153,\n",
       " (10, 1): 50.7913873,\n",
       " (10, 2): 7.15738038,\n",
       " (10, 3): 29.30553502,\n",
       " (10, 4): 21.01941975,\n",
       " (10, 5): 21.39318541,\n",
       " (10, 6): 25.66374448,\n",
       " (10, 7): 26.8656896,\n",
       " (10, 8): 38.08114698,\n",
       " (10, 9): 66.54589261,\n",
       " (10, 11): 30.58133637,\n",
       " (10, 12): 6.22437941,\n",
       " (10, 13): 25.20816394,\n",
       " (10, 14): 54.21595052,\n",
       " (10, 15): 29.64135502,\n",
       " (11, 0): 43.64795046,\n",
       " (11, 1): 20.21005093,\n",
       " (11, 2): 23.42395599,\n",
       " (11, 3): 9.570711020000001,\n",
       " (11, 4): 9.56191662,\n",
       " (11, 5): 9.18815095,\n",
       " (11, 6): 22.03383611,\n",
       " (11, 7): 3.71564677,\n",
       " (11, 8): 7.499810610000001,\n",
       " (11, 9): 35.96455624,\n",
       " (11, 10): 30.58133637,\n",
       " (11, 12): 36.80571578,\n",
       " (11, 13): 55.78950030999999,\n",
       " (11, 14): 23.63461415,\n",
       " (11, 15): 9.23489102,\n",
       " (12, 0): 53.32529212,\n",
       " (12, 1): 57.01576671,\n",
       " (12, 2): 13.38175978,\n",
       " (12, 3): 35.52991442,\n",
       " (12, 4): 27.24379916,\n",
       " (12, 5): 27.61756482,\n",
       " (12, 6): 31.88812388,\n",
       " (12, 7): 33.09006900000001,\n",
       " (12, 8): 44.30552639,\n",
       " (12, 9): 72.77027201,\n",
       " (12, 10): 6.22437941,\n",
       " (12, 11): 36.80571578,\n",
       " (12, 13): 18.98378454,\n",
       " (12, 14): 60.44032993,\n",
       " (12, 15): 35.86573442,\n",
       " (13, 0): 35.9767483,\n",
       " (13, 1): 75.99955125,\n",
       " (13, 2): 32.36554432,\n",
       " (13, 3): 54.51369896,\n",
       " (13, 4): 46.22758369,\n",
       " (13, 5): 46.60134936,\n",
       " (13, 6): 50.87190842,\n",
       " (13, 7): 52.07385354,\n",
       " (13, 8): 63.28931092,\n",
       " (13, 9): 91.75405655,\n",
       " (13, 10): 25.20816394,\n",
       " (13, 11): 55.78950030999999,\n",
       " (13, 12): 18.98378454,\n",
       " (13, 14): 79.42411446999999,\n",
       " (13, 15): 54.84951896,\n",
       " (14, 0): 62.46433121000001,\n",
       " (14, 1): 9.485827129999999,\n",
       " (14, 2): 47.05857014,\n",
       " (14, 3): 33.20532517,\n",
       " (14, 4): 33.19653077,\n",
       " (14, 5): 32.82276511,\n",
       " (14, 6): 40.54972098,\n",
       " (14, 7): 27.35026092,\n",
       " (14, 8): 16.13480354,\n",
       " (14, 9): 21.88562826,\n",
       " (14, 10): 54.21595052,\n",
       " (14, 11): 23.63461415,\n",
       " (14, 12): 60.44032993,\n",
       " (14, 13): 79.42411446999999,\n",
       " (14, 15): 32.86950517,\n",
       " (15, 0): 49.69779077,\n",
       " (15, 1): 29.44494195,\n",
       " (15, 2): 22.48397464,\n",
       " (15, 3): 0.33582,\n",
       " (15, 4): 16.44953003,\n",
       " (15, 5): 16.82329569,\n",
       " (15, 6): 5.57761054,\n",
       " (15, 7): 6.66441884,\n",
       " (15, 8): 16.73470163,\n",
       " (15, 9): 45.19944726,\n",
       " (15, 10): 29.64135502,\n",
       " (15, 11): 9.23489102,\n",
       " (15, 12): 35.86573442,\n",
       " (15, 13): 54.84951896,\n",
       " (15, 14): 32.86950517}"
      ]
     },
     "execution_count": 33,
     "metadata": {},
     "output_type": "execute_result"
    }
   ],
   "source": [
    "distances"
   ]
  },
  {
   "cell_type": "code",
   "execution_count": 34,
   "id": "f0b004c7",
   "metadata": {},
   "outputs": [],
   "source": [
    "m.minimize(m.sum(distances[e]*x[e] for e in edges))"
   ]
  },
  {
   "cell_type": "code",
   "execution_count": 35,
   "id": "dfc9257a",
   "metadata": {},
   "outputs": [],
   "source": [
    "# Constraint 1: each city must be entered once\n",
    "for c in cities:\n",
    "    if c != 0:\n",
    "        m.add_constraint(m.sum(x[(i,j)] for i,j in edges if i==c)==1, ctname=f'city_out__{c}')\n",
    "\n",
    "# Constraint 2: each city must be exited once\n",
    "for c in cities:\n",
    "    if c != 0:\n",
    "        m.add_constraint(m.sum(x[(i,j)] for i,j in edges if j==c)==1, ctname=f'city_in_{c}')"
   ]
  },
  {
   "cell_type": "code",
   "execution_count": 36,
   "id": "0808b140",
   "metadata": {},
   "outputs": [],
   "source": [
    "# Constraint 3: ensures that u_j = u_i + 1 if and only if x_ij = 1\n",
    "for i,j in edges:\n",
    "    if j!=0:\n",
    "        m.add_indicator(x[(i,j)],u[(i)]+1==u[(j)], name='order_{i}_{j}')"
   ]
  },
  {
   "cell_type": "code",
   "execution_count": 37,
   "id": "c3fe2acb",
   "metadata": {
    "scrolled": true
   },
   "outputs": [
    {
     "name": "stdout",
     "output_type": "stream",
     "text": [
      "\\ This file has been generated by DOcplex\n",
      "\\ ENCODING=ISO-8859-1\n",
      "\\Problem name: TSP\n",
      "\n",
      "Minimize\n",
      " obj: 59.039767990000 x_0_1 + 67.805428490000 x_0_2 + 49.361970770000 x_0_3\n",
      "      + 61.770983880000 x_0_4 + 62.144749550000 x_0_5 + 50.899064390000 x_0_6\n",
      "      + 47.363597230000 x_0_7 + 46.329527670000 x_0_8 + 74.794273300000 x_0_9\n",
      "      + 59.549671530000 x_0_10 + 43.647950460000 x_0_11 + 53.325292120000 x_0_12\n",
      "      + 35.976748300000 x_0_13 + 62.464331210000 x_0_14 + 49.697790770000 x_0_15\n",
      "      + 59.039767990000 x_1_0 + 43.634006930000 x_1_2 + 29.780761950000 x_1_3\n",
      "      + 29.771967550000 x_1_4 + 29.398201890000 x_1_5 + 37.125157760000 x_1_6\n",
      "      + 23.925697710000 x_1_7 + 12.710240320000 x_1_8 + 21.815769210000 x_1_9\n",
      "      + 50.791387300000 x_1_10 + 20.210050930000 x_1_11 + 57.015766710000 x_1_12\n",
      "      + 75.999551250000 x_1_13 + 9.485827130000 x_1_14 + 29.444941950000 x_1_15\n",
      "      + 67.805428490000 x_2_0 + 43.634006930000 x_2_1 + 22.148154640000 x_2_3\n",
      "      + 13.862039370000 x_2_4 + 14.235805040000 x_2_5 + 18.506364100000 x_2_6\n",
      "      + 19.708309220000 x_2_7 + 30.923766600000 x_2_8 + 59.388512230000 x_2_9\n",
      "      + 7.157380380000 x_2_10 + 23.423955990000 x_2_11 + 13.381759780000 x_2_12\n",
      "      + 32.365544320000 x_2_13 + 47.058570140000 x_2_14 + 22.483974640000 x_2_15\n",
      "      + 49.361970770000 x_3_0 + 29.780761950000 x_3_1 + 22.148154640000 x_3_2\n",
      "      + 16.113710030000 x_3_4 + 16.487475690000 x_3_5 + 5.241790540000 x_3_6\n",
      "      + 7.000238840000 x_3_7 + 17.070521630000 x_3_8 + 45.535267260000 x_3_9\n",
      "      + 29.305535020000 x_3_10 + 9.570711020000 x_3_11 + 35.529914420000 x_3_12\n",
      "      + 54.513698960000 x_3_13 + 33.205325170000 x_3_14 + 0.335820000000 x_3_15\n",
      "      + 61.770983880000 x_4_0 + 29.771967550000 x_4_1 + 13.862039370000 x_4_2\n",
      "      + 16.113710030000 x_4_3 + 0.373765660000 x_4_5 + 12.471919490000 x_4_6\n",
      "      + 5.846269850000 x_4_7 + 17.061727230000 x_4_8 + 45.526472860000 x_4_9\n",
      "      + 21.019419750000 x_4_10 + 9.561916620000 x_4_11 + 27.243799160000 x_4_12\n",
      "      + 46.227583690000 x_4_13 + 33.196530770000 x_4_14 + 16.449530030000 x_4_15\n",
      "      + 62.144749550000 x_5_0 + 29.398201890000 x_5_1 + 14.235805040000 x_5_2\n",
      "      + 16.487475690000 x_5_3 + 0.373765660000 x_5_4 + 12.845685150000 x_5_6\n",
      "      + 5.472504180000 x_5_7 + 16.687961570000 x_5_8 + 45.152707190000 x_5_9\n",
      "      + 21.393185410000 x_5_10 + 9.188150950000 x_5_11 + 27.617564820000 x_5_12\n",
      "      + 46.601349360000 x_5_13 + 32.822765110000 x_5_14 + 16.823295690000 x_5_15\n",
      "      + 50.899064390000 x_6_0 + 37.125157760000 x_6_1 + 18.506364100000 x_6_2\n",
      "      + 5.241790540000 x_6_3 + 12.471919490000 x_6_4 + 12.845685150000 x_6_5\n",
      "      + 18.318189340000 x_6_7 + 24.414917440000 x_6_8 + 52.879663070000 x_6_9\n",
      "      + 25.663744480000 x_6_10 + 22.033836110000 x_6_11 + 31.888123880000 x_6_12\n",
      "      + 50.871908420000 x_6_13 + 40.549720980000 x_6_14 + 5.577610540000 x_6_15\n",
      "      + 47.363597230000 x_7_0 + 23.925697710000 x_7_1 + 19.708309220000 x_7_2\n",
      "      + 7.000238840000 x_7_3 + 5.846269850000 x_7_4 + 5.472504180000 x_7_5\n",
      "      + 18.318189340000 x_7_6 + 11.215457380000 x_7_8 + 39.680203010000 x_7_9\n",
      "      + 26.865689600000 x_7_10 + 3.715646770000 x_7_11 + 33.090069000000 x_7_12\n",
      "      + 52.073853540000 x_7_13 + 27.350260920000 x_7_14 + 6.664418840000 x_7_15\n",
      "      + 46.329527670000 x_8_0 + 12.710240320000 x_8_1 + 30.923766600000 x_8_2\n",
      "      + 17.070521630000 x_8_3 + 17.061727230000 x_8_4 + 16.687961570000 x_8_5\n",
      "      + 24.414917440000 x_8_6 + 11.215457380000 x_8_7 + 28.464745630000 x_8_9\n",
      "      + 38.081146980000 x_8_10 + 7.499810610000 x_8_11 + 44.305526390000 x_8_12\n",
      "      + 63.289310920000 x_8_13 + 16.134803540000 x_8_14 + 16.734701630000 x_8_15\n",
      "      + 74.794273300000 x_9_0 + 21.815769210000 x_9_1 + 59.388512230000 x_9_2\n",
      "      + 45.535267260000 x_9_3 + 45.526472860000 x_9_4 + 45.152707190000 x_9_5\n",
      "      + 52.879663070000 x_9_6 + 39.680203010000 x_9_7 + 28.464745630000 x_9_8\n",
      "      + 66.545892610000 x_9_10 + 35.964556240000 x_9_11 + 72.770272010000 x_9_12\n",
      "      + 91.754056550000 x_9_13 + 21.885628260000 x_9_14 + 45.199447260000 x_9_15\n",
      "      + 59.549671530000 x_10_0 + 50.791387300000 x_10_1 + 7.157380380000 x_10_2\n",
      "      + 29.305535020000 x_10_3 + 21.019419750000 x_10_4 + 21.393185410000 x_10_5\n",
      "      + 25.663744480000 x_10_6 + 26.865689600000 x_10_7 + 38.081146980000 x_10_8\n",
      "      + 66.545892610000 x_10_9 + 30.581336370000 x_10_11\n",
      "      + 6.224379410000 x_10_12 + 25.208163940000 x_10_13\n",
      "      + 54.215950520000 x_10_14 + 29.641355020000 x_10_15\n",
      "      + 43.647950460000 x_11_0 + 20.210050930000 x_11_1 + 23.423955990000 x_11_2\n",
      "      + 9.570711020000 x_11_3 + 9.561916620000 x_11_4 + 9.188150950000 x_11_5\n",
      "      + 22.033836110000 x_11_6 + 3.715646770000 x_11_7 + 7.499810610000 x_11_8\n",
      "      + 35.964556240000 x_11_9 + 30.581336370000 x_11_10\n",
      "      + 36.805715780000 x_11_12 + 55.789500310000 x_11_13\n",
      "      + 23.634614150000 x_11_14 + 9.234891020000 x_11_15\n",
      "      + 53.325292120000 x_12_0 + 57.015766710000 x_12_1 + 13.381759780000 x_12_2\n",
      "      + 35.529914420000 x_12_3 + 27.243799160000 x_12_4 + 27.617564820000 x_12_5\n",
      "      + 31.888123880000 x_12_6 + 33.090069000000 x_12_7 + 44.305526390000 x_12_8\n",
      "      + 72.770272010000 x_12_9 + 6.224379410000 x_12_10\n",
      "      + 36.805715780000 x_12_11 + 18.983784540000 x_12_13\n",
      "      + 60.440329930000 x_12_14 + 35.865734420000 x_12_15\n",
      "      + 35.976748300000 x_13_0 + 75.999551250000 x_13_1 + 32.365544320000 x_13_2\n",
      "      + 54.513698960000 x_13_3 + 46.227583690000 x_13_4 + 46.601349360000 x_13_5\n",
      "      + 50.871908420000 x_13_6 + 52.073853540000 x_13_7 + 63.289310920000 x_13_8\n",
      "      + 91.754056550000 x_13_9 + 25.208163940000 x_13_10\n",
      "      + 55.789500310000 x_13_11 + 18.983784540000 x_13_12\n",
      "      + 79.424114470000 x_13_14 + 54.849518960000 x_13_15\n",
      "      + 62.464331210000 x_14_0 + 9.485827130000 x_14_1 + 47.058570140000 x_14_2\n",
      "      + 33.205325170000 x_14_3 + 33.196530770000 x_14_4 + 32.822765110000 x_14_5\n",
      "      + 40.549720980000 x_14_6 + 27.350260920000 x_14_7 + 16.134803540000 x_14_8\n",
      "      + 21.885628260000 x_14_9 + 54.215950520000 x_14_10\n",
      "      + 23.634614150000 x_14_11 + 60.440329930000 x_14_12\n",
      "      + 79.424114470000 x_14_13 + 32.869505170000 x_14_15\n",
      "      + 49.697790770000 x_15_0 + 29.444941950000 x_15_1 + 22.483974640000 x_15_2\n",
      "      + 0.335820000000 x_15_3 + 16.449530030000 x_15_4 + 16.823295690000 x_15_5\n",
      "      + 5.577610540000 x_15_6 + 6.664418840000 x_15_7 + 16.734701630000 x_15_8\n",
      "      + 45.199447260000 x_15_9 + 29.641355020000 x_15_10\n",
      "      + 9.234891020000 x_15_11 + 35.865734420000 x_15_12\n",
      "      + 54.849518960000 x_15_13 + 32.869505170000 x_15_14\n",
      "Subject To\n",
      " city_out__1: x_1_0 + x_1_2 + x_1_3 + x_1_4 + x_1_5 + x_1_6 + x_1_7 + x_1_8\n",
      "              + x_1_9 + x_1_10 + x_1_11 + x_1_12 + x_1_13 + x_1_14 + x_1_15 = 1\n",
      " city_out__2: x_2_0 + x_2_1 + x_2_3 + x_2_4 + x_2_5 + x_2_6 + x_2_7 + x_2_8\n",
      "              + x_2_9 + x_2_10 + x_2_11 + x_2_12 + x_2_13 + x_2_14 + x_2_15 = 1\n",
      " city_out__3: x_3_0 + x_3_1 + x_3_2 + x_3_4 + x_3_5 + x_3_6 + x_3_7 + x_3_8\n",
      "              + x_3_9 + x_3_10 + x_3_11 + x_3_12 + x_3_13 + x_3_14 + x_3_15 = 1\n",
      " city_out__4: x_4_0 + x_4_1 + x_4_2 + x_4_3 + x_4_5 + x_4_6 + x_4_7 + x_4_8\n",
      "              + x_4_9 + x_4_10 + x_4_11 + x_4_12 + x_4_13 + x_4_14 + x_4_15 = 1\n",
      " city_out__5: x_5_0 + x_5_1 + x_5_2 + x_5_3 + x_5_4 + x_5_6 + x_5_7 + x_5_8\n",
      "              + x_5_9 + x_5_10 + x_5_11 + x_5_12 + x_5_13 + x_5_14 + x_5_15 = 1\n",
      " city_out__6: x_6_0 + x_6_1 + x_6_2 + x_6_3 + x_6_4 + x_6_5 + x_6_7 + x_6_8\n",
      "              + x_6_9 + x_6_10 + x_6_11 + x_6_12 + x_6_13 + x_6_14 + x_6_15 = 1\n",
      " city_out__7: x_7_0 + x_7_1 + x_7_2 + x_7_3 + x_7_4 + x_7_5 + x_7_6 + x_7_8\n",
      "              + x_7_9 + x_7_10 + x_7_11 + x_7_12 + x_7_13 + x_7_14 + x_7_15 = 1\n",
      " city_out__8: x_8_0 + x_8_1 + x_8_2 + x_8_3 + x_8_4 + x_8_5 + x_8_6 + x_8_7\n",
      "              + x_8_9 + x_8_10 + x_8_11 + x_8_12 + x_8_13 + x_8_14 + x_8_15 = 1\n",
      " city_out__9: x_9_0 + x_9_1 + x_9_2 + x_9_3 + x_9_4 + x_9_5 + x_9_6 + x_9_7\n",
      "              + x_9_8 + x_9_10 + x_9_11 + x_9_12 + x_9_13 + x_9_14 + x_9_15 = 1\n",
      " city_out__10: x_10_0 + x_10_1 + x_10_2 + x_10_3 + x_10_4 + x_10_5 + x_10_6\n",
      "               + x_10_7 + x_10_8 + x_10_9 + x_10_11 + x_10_12 + x_10_13\n",
      "               + x_10_14 + x_10_15 = 1\n",
      " city_out__11: x_11_0 + x_11_1 + x_11_2 + x_11_3 + x_11_4 + x_11_5 + x_11_6\n",
      "               + x_11_7 + x_11_8 + x_11_9 + x_11_10 + x_11_12 + x_11_13\n",
      "               + x_11_14 + x_11_15 = 1\n",
      " city_out__12: x_12_0 + x_12_1 + x_12_2 + x_12_3 + x_12_4 + x_12_5 + x_12_6\n",
      "               + x_12_7 + x_12_8 + x_12_9 + x_12_10 + x_12_11 + x_12_13\n",
      "               + x_12_14 + x_12_15 = 1\n",
      " city_out__13: x_13_0 + x_13_1 + x_13_2 + x_13_3 + x_13_4 + x_13_5 + x_13_6\n",
      "               + x_13_7 + x_13_8 + x_13_9 + x_13_10 + x_13_11 + x_13_12\n",
      "               + x_13_14 + x_13_15 = 1\n",
      " city_out__14: x_14_0 + x_14_1 + x_14_2 + x_14_3 + x_14_4 + x_14_5 + x_14_6\n",
      "               + x_14_7 + x_14_8 + x_14_9 + x_14_10 + x_14_11 + x_14_12\n",
      "               + x_14_13 + x_14_15 = 1\n",
      " city_out__15: x_15_0 + x_15_1 + x_15_2 + x_15_3 + x_15_4 + x_15_5 + x_15_6\n",
      "               + x_15_7 + x_15_8 + x_15_9 + x_15_10 + x_15_11 + x_15_12\n",
      "               + x_15_13 + x_15_14 = 1\n",
      " city_in_1: x_0_1 + x_2_1 + x_3_1 + x_4_1 + x_5_1 + x_6_1 + x_7_1 + x_8_1\n",
      "            + x_9_1 + x_10_1 + x_11_1 + x_12_1 + x_13_1 + x_14_1 + x_15_1 = 1\n",
      " city_in_2: x_0_2 + x_1_2 + x_3_2 + x_4_2 + x_5_2 + x_6_2 + x_7_2 + x_8_2\n",
      "            + x_9_2 + x_10_2 + x_11_2 + x_12_2 + x_13_2 + x_14_2 + x_15_2 = 1\n",
      " city_in_3: x_0_3 + x_1_3 + x_2_3 + x_4_3 + x_5_3 + x_6_3 + x_7_3 + x_8_3\n",
      "            + x_9_3 + x_10_3 + x_11_3 + x_12_3 + x_13_3 + x_14_3 + x_15_3 = 1\n",
      " city_in_4: x_0_4 + x_1_4 + x_2_4 + x_3_4 + x_5_4 + x_6_4 + x_7_4 + x_8_4\n",
      "            + x_9_4 + x_10_4 + x_11_4 + x_12_4 + x_13_4 + x_14_4 + x_15_4 = 1\n",
      " city_in_5: x_0_5 + x_1_5 + x_2_5 + x_3_5 + x_4_5 + x_6_5 + x_7_5 + x_8_5\n",
      "            + x_9_5 + x_10_5 + x_11_5 + x_12_5 + x_13_5 + x_14_5 + x_15_5 = 1\n",
      " city_in_6: x_0_6 + x_1_6 + x_2_6 + x_3_6 + x_4_6 + x_5_6 + x_7_6 + x_8_6\n",
      "            + x_9_6 + x_10_6 + x_11_6 + x_12_6 + x_13_6 + x_14_6 + x_15_6 = 1\n",
      " city_in_7: x_0_7 + x_1_7 + x_2_7 + x_3_7 + x_4_7 + x_5_7 + x_6_7 + x_8_7\n",
      "            + x_9_7 + x_10_7 + x_11_7 + x_12_7 + x_13_7 + x_14_7 + x_15_7 = 1\n",
      " city_in_8: x_0_8 + x_1_8 + x_2_8 + x_3_8 + x_4_8 + x_5_8 + x_6_8 + x_7_8\n",
      "            + x_9_8 + x_10_8 + x_11_8 + x_12_8 + x_13_8 + x_14_8 + x_15_8 = 1\n",
      " city_in_9: x_0_9 + x_1_9 + x_2_9 + x_3_9 + x_4_9 + x_5_9 + x_6_9 + x_7_9\n",
      "            + x_8_9 + x_10_9 + x_11_9 + x_12_9 + x_13_9 + x_14_9 + x_15_9 = 1\n",
      " city_in_10: x_0_10 + x_1_10 + x_2_10 + x_3_10 + x_4_10 + x_5_10 + x_6_10\n",
      "             + x_7_10 + x_8_10 + x_9_10 + x_11_10 + x_12_10 + x_13_10 + x_14_10\n",
      "             + x_15_10 = 1\n",
      " city_in_11: x_0_11 + x_1_11 + x_2_11 + x_3_11 + x_4_11 + x_5_11 + x_6_11\n",
      "             + x_7_11 + x_8_11 + x_9_11 + x_10_11 + x_12_11 + x_13_11 + x_14_11\n",
      "             + x_15_11 = 1\n",
      " city_in_12: x_0_12 + x_1_12 + x_2_12 + x_3_12 + x_4_12 + x_5_12 + x_6_12\n",
      "             + x_7_12 + x_8_12 + x_9_12 + x_10_12 + x_11_12 + x_13_12 + x_14_12\n",
      "             + x_15_12 = 1\n",
      " city_in_13: x_0_13 + x_1_13 + x_2_13 + x_3_13 + x_4_13 + x_5_13 + x_6_13\n",
      "             + x_7_13 + x_8_13 + x_9_13 + x_10_13 + x_11_13 + x_12_13 + x_14_13\n",
      "             + x_15_13 = 1\n",
      " city_in_14: x_0_14 + x_1_14 + x_2_14 + x_3_14 + x_4_14 + x_5_14 + x_6_14\n",
      "             + x_7_14 + x_8_14 + x_9_14 + x_10_14 + x_11_14 + x_12_14 + x_13_14\n",
      "             + x_15_14 = 1\n",
      " city_in_15: x_0_15 + x_1_15 + x_2_15 + x_3_15 + x_4_15 + x_5_15 + x_6_15\n",
      "             + x_7_15 + x_8_15 + x_9_15 + x_10_15 + x_11_15 + x_12_15 + x_13_15\n",
      "             + x_14_15 = 1\n",
      " order_{i}_{j}: x_0_1 = 1 -> u_0 - u_1 = -1\n",
      " order_{i}_{j}#1: x_0_2 = 1 -> u_0 - u_2 = -1\n",
      " order_{i}_{j}#2: x_0_3 = 1 -> u_0 - u_3 = -1\n",
      " order_{i}_{j}#3: x_0_4 = 1 -> u_0 - u_4 = -1\n",
      " order_{i}_{j}#4: x_0_5 = 1 -> u_0 - u_5 = -1\n",
      " order_{i}_{j}#5: x_0_6 = 1 -> u_0 - u_6 = -1\n",
      " order_{i}_{j}#6: x_0_7 = 1 -> u_0 - u_7 = -1\n",
      " order_{i}_{j}#7: x_0_8 = 1 -> u_0 - u_8 = -1\n",
      " order_{i}_{j}#8: x_0_9 = 1 -> u_0 - u_9 = -1\n",
      " order_{i}_{j}#9: x_0_10 = 1 -> u_0 - u_10 = -1\n",
      " order_{i}_{j}#10: x_0_11 = 1 -> u_0 - u_11 = -1\n",
      " order_{i}_{j}#11: x_0_12 = 1 -> u_0 - u_12 = -1\n",
      " order_{i}_{j}#12: x_0_13 = 1 -> u_0 - u_13 = -1\n",
      " order_{i}_{j}#13: x_0_14 = 1 -> u_0 - u_14 = -1\n",
      " order_{i}_{j}#14: x_0_15 = 1 -> u_0 - u_15 = -1\n",
      " order_{i}_{j}#15: x_1_2 = 1 -> u_1 - u_2 = -1\n",
      " order_{i}_{j}#16: x_1_3 = 1 -> u_1 - u_3 = -1\n",
      " order_{i}_{j}#17: x_1_4 = 1 -> u_1 - u_4 = -1\n",
      " order_{i}_{j}#18: x_1_5 = 1 -> u_1 - u_5 = -1\n",
      " order_{i}_{j}#19: x_1_6 = 1 -> u_1 - u_6 = -1\n",
      " order_{i}_{j}#20: x_1_7 = 1 -> u_1 - u_7 = -1\n",
      " order_{i}_{j}#21: x_1_8 = 1 -> u_1 - u_8 = -1\n",
      " order_{i}_{j}#22: x_1_9 = 1 -> u_1 - u_9 = -1\n",
      " order_{i}_{j}#23: x_1_10 = 1 -> u_1 - u_10 = -1\n",
      " order_{i}_{j}#24: x_1_11 = 1 -> u_1 - u_11 = -1\n",
      " order_{i}_{j}#25: x_1_12 = 1 -> u_1 - u_12 = -1\n",
      " order_{i}_{j}#26: x_1_13 = 1 -> u_1 - u_13 = -1\n",
      " order_{i}_{j}#27: x_1_14 = 1 -> u_1 - u_14 = -1\n",
      " order_{i}_{j}#28: x_1_15 = 1 -> u_1 - u_15 = -1\n",
      " order_{i}_{j}#29: x_2_1 = 1 -> u_2 - u_1 = -1\n",
      " order_{i}_{j}#30: x_2_3 = 1 -> u_2 - u_3 = -1\n",
      " order_{i}_{j}#31: x_2_4 = 1 -> u_2 - u_4 = -1\n",
      " order_{i}_{j}#32: x_2_5 = 1 -> u_2 - u_5 = -1\n",
      " order_{i}_{j}#33: x_2_6 = 1 -> u_2 - u_6 = -1\n",
      " order_{i}_{j}#34: x_2_7 = 1 -> u_2 - u_7 = -1\n",
      " order_{i}_{j}#35: x_2_8 = 1 -> u_2 - u_8 = -1\n",
      " order_{i}_{j}#36: x_2_9 = 1 -> u_2 - u_9 = -1\n",
      " order_{i}_{j}#37: x_2_10 = 1 -> u_2 - u_10 = -1\n",
      " order_{i}_{j}#38: x_2_11 = 1 -> u_2 - u_11 = -1\n",
      " order_{i}_{j}#39: x_2_12 = 1 -> u_2 - u_12 = -1\n",
      " order_{i}_{j}#40: x_2_13 = 1 -> u_2 - u_13 = -1\n",
      " order_{i}_{j}#41: x_2_14 = 1 -> u_2 - u_14 = -1\n",
      " order_{i}_{j}#42: x_2_15 = 1 -> u_2 - u_15 = -1\n",
      " order_{i}_{j}#43: x_3_1 = 1 -> u_3 - u_1 = -1\n",
      " order_{i}_{j}#44: x_3_2 = 1 -> u_3 - u_2 = -1\n",
      " order_{i}_{j}#45: x_3_4 = 1 -> u_3 - u_4 = -1\n",
      " order_{i}_{j}#46: x_3_5 = 1 -> u_3 - u_5 = -1\n",
      " order_{i}_{j}#47: x_3_6 = 1 -> u_3 - u_6 = -1\n",
      " order_{i}_{j}#48: x_3_7 = 1 -> u_3 - u_7 = -1\n",
      " order_{i}_{j}#49: x_3_8 = 1 -> u_3 - u_8 = -1\n",
      " order_{i}_{j}#50: x_3_9 = 1 -> u_3 - u_9 = -1\n",
      " order_{i}_{j}#51: x_3_10 = 1 -> u_3 - u_10 = -1\n",
      " order_{i}_{j}#52: x_3_11 = 1 -> u_3 - u_11 = -1\n",
      " order_{i}_{j}#53: x_3_12 = 1 -> u_3 - u_12 = -1\n",
      " order_{i}_{j}#54: x_3_13 = 1 -> u_3 - u_13 = -1\n",
      " order_{i}_{j}#55: x_3_14 = 1 -> u_3 - u_14 = -1\n",
      " order_{i}_{j}#56: x_3_15 = 1 -> u_3 - u_15 = -1\n",
      " order_{i}_{j}#57: x_4_1 = 1 -> u_4 - u_1 = -1\n",
      " order_{i}_{j}#58: x_4_2 = 1 -> u_4 - u_2 = -1\n",
      " order_{i}_{j}#59: x_4_3 = 1 -> u_4 - u_3 = -1\n",
      " order_{i}_{j}#60: x_4_5 = 1 -> u_4 - u_5 = -1\n",
      " order_{i}_{j}#61: x_4_6 = 1 -> u_4 - u_6 = -1\n",
      " order_{i}_{j}#62: x_4_7 = 1 -> u_4 - u_7 = -1\n",
      " order_{i}_{j}#63: x_4_8 = 1 -> u_4 - u_8 = -1\n",
      " order_{i}_{j}#64: x_4_9 = 1 -> u_4 - u_9 = -1\n",
      " order_{i}_{j}#65: x_4_10 = 1 -> u_4 - u_10 = -1\n",
      " order_{i}_{j}#66: x_4_11 = 1 -> u_4 - u_11 = -1\n",
      " order_{i}_{j}#67: x_4_12 = 1 -> u_4 - u_12 = -1\n",
      " order_{i}_{j}#68: x_4_13 = 1 -> u_4 - u_13 = -1\n",
      " order_{i}_{j}#69: x_4_14 = 1 -> u_4 - u_14 = -1\n",
      " order_{i}_{j}#70: x_4_15 = 1 -> u_4 - u_15 = -1\n",
      " order_{i}_{j}#71: x_5_1 = 1 -> u_5 - u_1 = -1\n",
      " order_{i}_{j}#72: x_5_2 = 1 -> u_5 - u_2 = -1\n",
      " order_{i}_{j}#73: x_5_3 = 1 -> u_5 - u_3 = -1\n",
      " order_{i}_{j}#74: x_5_4 = 1 -> u_5 - u_4 = -1\n",
      " order_{i}_{j}#75: x_5_6 = 1 -> u_5 - u_6 = -1\n",
      " order_{i}_{j}#76: x_5_7 = 1 -> u_5 - u_7 = -1\n",
      " order_{i}_{j}#77: x_5_8 = 1 -> u_5 - u_8 = -1\n",
      " order_{i}_{j}#78: x_5_9 = 1 -> u_5 - u_9 = -1\n",
      " order_{i}_{j}#79: x_5_10 = 1 -> u_5 - u_10 = -1\n",
      " order_{i}_{j}#80: x_5_11 = 1 -> u_5 - u_11 = -1\n",
      " order_{i}_{j}#81: x_5_12 = 1 -> u_5 - u_12 = -1\n",
      " order_{i}_{j}#82: x_5_13 = 1 -> u_5 - u_13 = -1\n",
      " order_{i}_{j}#83: x_5_14 = 1 -> u_5 - u_14 = -1\n",
      " order_{i}_{j}#84: x_5_15 = 1 -> u_5 - u_15 = -1\n",
      " order_{i}_{j}#85: x_6_1 = 1 -> u_6 - u_1 = -1\n",
      " order_{i}_{j}#86: x_6_2 = 1 -> u_6 - u_2 = -1\n",
      " order_{i}_{j}#87: x_6_3 = 1 -> u_6 - u_3 = -1\n",
      " order_{i}_{j}#88: x_6_4 = 1 -> u_6 - u_4 = -1\n",
      " order_{i}_{j}#89: x_6_5 = 1 -> u_6 - u_5 = -1\n",
      " order_{i}_{j}#90: x_6_7 = 1 -> u_6 - u_7 = -1\n",
      " order_{i}_{j}#91: x_6_8 = 1 -> u_6 - u_8 = -1\n",
      " order_{i}_{j}#92: x_6_9 = 1 -> u_6 - u_9 = -1\n",
      " order_{i}_{j}#93: x_6_10 = 1 -> u_6 - u_10 = -1\n",
      " order_{i}_{j}#94: x_6_11 = 1 -> u_6 - u_11 = -1\n",
      " order_{i}_{j}#95: x_6_12 = 1 -> u_6 - u_12 = -1\n",
      " order_{i}_{j}#96: x_6_13 = 1 -> u_6 - u_13 = -1\n",
      " order_{i}_{j}#97: x_6_14 = 1 -> u_6 - u_14 = -1\n",
      " order_{i}_{j}#98: x_6_15 = 1 -> u_6 - u_15 = -1\n",
      " order_{i}_{j}#99: x_7_1 = 1 -> u_7 - u_1 = -1\n",
      " order_{i}_{j}#100: x_7_2 = 1 -> u_7 - u_2 = -1\n",
      " order_{i}_{j}#101: x_7_3 = 1 -> u_7 - u_3 = -1\n",
      " order_{i}_{j}#102: x_7_4 = 1 -> u_7 - u_4 = -1\n",
      " order_{i}_{j}#103: x_7_5 = 1 -> u_7 - u_5 = -1\n",
      " order_{i}_{j}#104: x_7_6 = 1 -> u_7 - u_6 = -1\n",
      " order_{i}_{j}#105: x_7_8 = 1 -> u_7 - u_8 = -1\n",
      " order_{i}_{j}#106: x_7_9 = 1 -> u_7 - u_9 = -1\n",
      " order_{i}_{j}#107: x_7_10 = 1 -> u_7 - u_10 = -1\n",
      " order_{i}_{j}#108: x_7_11 = 1 -> u_7 - u_11 = -1\n",
      " order_{i}_{j}#109: x_7_12 = 1 -> u_7 - u_12 = -1\n",
      " order_{i}_{j}#110: x_7_13 = 1 -> u_7 - u_13 = -1\n",
      " order_{i}_{j}#111: x_7_14 = 1 -> u_7 - u_14 = -1\n",
      " order_{i}_{j}#112: x_7_15 = 1 -> u_7 - u_15 = -1\n",
      " order_{i}_{j}#113: x_8_1 = 1 -> u_8 - u_1 = -1\n",
      " order_{i}_{j}#114: x_8_2 = 1 -> u_8 - u_2 = -1\n",
      " order_{i}_{j}#115: x_8_3 = 1 -> u_8 - u_3 = -1\n",
      " order_{i}_{j}#116: x_8_4 = 1 -> u_8 - u_4 = -1\n",
      " order_{i}_{j}#117: x_8_5 = 1 -> u_8 - u_5 = -1\n",
      " order_{i}_{j}#118: x_8_6 = 1 -> u_8 - u_6 = -1\n",
      " order_{i}_{j}#119: x_8_7 = 1 -> u_8 - u_7 = -1\n",
      " order_{i}_{j}#120: x_8_9 = 1 -> u_8 - u_9 = -1\n",
      " order_{i}_{j}#121: x_8_10 = 1 -> u_8 - u_10 = -1\n",
      " order_{i}_{j}#122: x_8_11 = 1 -> u_8 - u_11 = -1\n",
      " order_{i}_{j}#123: x_8_12 = 1 -> u_8 - u_12 = -1\n",
      " order_{i}_{j}#124: x_8_13 = 1 -> u_8 - u_13 = -1\n",
      " order_{i}_{j}#125: x_8_14 = 1 -> u_8 - u_14 = -1\n",
      " order_{i}_{j}#126: x_8_15 = 1 -> u_8 - u_15 = -1\n",
      " order_{i}_{j}#127: x_9_1 = 1 -> u_9 - u_1 = -1\n",
      " order_{i}_{j}#128: x_9_2 = 1 -> u_9 - u_2 = -1\n",
      " order_{i}_{j}#129: x_9_3 = 1 -> u_9 - u_3 = -1\n",
      " order_{i}_{j}#130: x_9_4 = 1 -> u_9 - u_4 = -1\n",
      " order_{i}_{j}#131: x_9_5 = 1 -> u_9 - u_5 = -1\n",
      " order_{i}_{j}#132: x_9_6 = 1 -> u_9 - u_6 = -1\n",
      " order_{i}_{j}#133: x_9_7 = 1 -> u_9 - u_7 = -1\n",
      " order_{i}_{j}#134: x_9_8 = 1 -> u_9 - u_8 = -1\n",
      " order_{i}_{j}#135: x_9_10 = 1 -> u_9 - u_10 = -1\n",
      " order_{i}_{j}#136: x_9_11 = 1 -> u_9 - u_11 = -1\n",
      " order_{i}_{j}#137: x_9_12 = 1 -> u_9 - u_12 = -1\n",
      " order_{i}_{j}#138: x_9_13 = 1 -> u_9 - u_13 = -1\n",
      " order_{i}_{j}#139: x_9_14 = 1 -> u_9 - u_14 = -1\n",
      " order_{i}_{j}#140: x_9_15 = 1 -> u_9 - u_15 = -1\n",
      " order_{i}_{j}#141: x_10_1 = 1 -> u_10 - u_1 = -1\n",
      " order_{i}_{j}#142: x_10_2 = 1 -> u_10 - u_2 = -1\n",
      " order_{i}_{j}#143: x_10_3 = 1 -> u_10 - u_3 = -1\n",
      " order_{i}_{j}#144: x_10_4 = 1 -> u_10 - u_4 = -1\n",
      " order_{i}_{j}#145: x_10_5 = 1 -> u_10 - u_5 = -1\n",
      " order_{i}_{j}#146: x_10_6 = 1 -> u_10 - u_6 = -1\n",
      " order_{i}_{j}#147: x_10_7 = 1 -> u_10 - u_7 = -1\n",
      " order_{i}_{j}#148: x_10_8 = 1 -> u_10 - u_8 = -1\n",
      " order_{i}_{j}#149: x_10_9 = 1 -> u_10 - u_9 = -1\n",
      " order_{i}_{j}#150: x_10_11 = 1 -> u_10 - u_11 = -1\n",
      " order_{i}_{j}#151: x_10_12 = 1 -> u_10 - u_12 = -1\n",
      " order_{i}_{j}#152: x_10_13 = 1 -> u_10 - u_13 = -1\n",
      " order_{i}_{j}#153: x_10_14 = 1 -> u_10 - u_14 = -1\n",
      " order_{i}_{j}#154: x_10_15 = 1 -> u_10 - u_15 = -1\n",
      " order_{i}_{j}#155: x_11_1 = 1 -> u_11 - u_1 = -1\n",
      " order_{i}_{j}#156: x_11_2 = 1 -> u_11 - u_2 = -1\n",
      " order_{i}_{j}#157: x_11_3 = 1 -> u_11 - u_3 = -1\n",
      " order_{i}_{j}#158: x_11_4 = 1 -> u_11 - u_4 = -1\n",
      " order_{i}_{j}#159: x_11_5 = 1 -> u_11 - u_5 = -1\n",
      " order_{i}_{j}#160: x_11_6 = 1 -> u_11 - u_6 = -1\n",
      " order_{i}_{j}#161: x_11_7 = 1 -> u_11 - u_7 = -1\n",
      " order_{i}_{j}#162: x_11_8 = 1 -> u_11 - u_8 = -1\n",
      " order_{i}_{j}#163: x_11_9 = 1 -> u_11 - u_9 = -1\n",
      " order_{i}_{j}#164: x_11_10 = 1 -> u_11 - u_10 = -1\n",
      " order_{i}_{j}#165: x_11_12 = 1 -> u_11 - u_12 = -1\n",
      " order_{i}_{j}#166: x_11_13 = 1 -> u_11 - u_13 = -1\n",
      " order_{i}_{j}#167: x_11_14 = 1 -> u_11 - u_14 = -1\n",
      " order_{i}_{j}#168: x_11_15 = 1 -> u_11 - u_15 = -1\n",
      " order_{i}_{j}#169: x_12_1 = 1 -> u_12 - u_1 = -1\n",
      " order_{i}_{j}#170: x_12_2 = 1 -> u_12 - u_2 = -1\n",
      " order_{i}_{j}#171: x_12_3 = 1 -> u_12 - u_3 = -1\n",
      " order_{i}_{j}#172: x_12_4 = 1 -> u_12 - u_4 = -1\n",
      " order_{i}_{j}#173: x_12_5 = 1 -> u_12 - u_5 = -1\n",
      " order_{i}_{j}#174: x_12_6 = 1 -> u_12 - u_6 = -1\n",
      " order_{i}_{j}#175: x_12_7 = 1 -> u_12 - u_7 = -1\n",
      " order_{i}_{j}#176: x_12_8 = 1 -> u_12 - u_8 = -1\n",
      " order_{i}_{j}#177: x_12_9 = 1 -> u_12 - u_9 = -1\n",
      " order_{i}_{j}#178: x_12_10 = 1 -> u_12 - u_10 = -1\n",
      " order_{i}_{j}#179: x_12_11 = 1 -> u_12 - u_11 = -1\n",
      " order_{i}_{j}#180: x_12_13 = 1 -> u_12 - u_13 = -1\n",
      " order_{i}_{j}#181: x_12_14 = 1 -> u_12 - u_14 = -1\n",
      " order_{i}_{j}#182: x_12_15 = 1 -> u_12 - u_15 = -1\n",
      " order_{i}_{j}#183: x_13_1 = 1 -> u_13 - u_1 = -1\n",
      " order_{i}_{j}#184: x_13_2 = 1 -> u_13 - u_2 = -1\n",
      " order_{i}_{j}#185: x_13_3 = 1 -> u_13 - u_3 = -1\n",
      " order_{i}_{j}#186: x_13_4 = 1 -> u_13 - u_4 = -1\n",
      " order_{i}_{j}#187: x_13_5 = 1 -> u_13 - u_5 = -1\n",
      " order_{i}_{j}#188: x_13_6 = 1 -> u_13 - u_6 = -1\n",
      " order_{i}_{j}#189: x_13_7 = 1 -> u_13 - u_7 = -1\n",
      " order_{i}_{j}#190: x_13_8 = 1 -> u_13 - u_8 = -1\n",
      " order_{i}_{j}#191: x_13_9 = 1 -> u_13 - u_9 = -1\n",
      " order_{i}_{j}#192: x_13_10 = 1 -> u_13 - u_10 = -1\n",
      " order_{i}_{j}#193: x_13_11 = 1 -> u_13 - u_11 = -1\n",
      " order_{i}_{j}#194: x_13_12 = 1 -> u_13 - u_12 = -1\n",
      " order_{i}_{j}#195: x_13_14 = 1 -> u_13 - u_14 = -1\n",
      " order_{i}_{j}#196: x_13_15 = 1 -> u_13 - u_15 = -1\n",
      " order_{i}_{j}#197: x_14_1 = 1 -> u_14 - u_1 = -1\n",
      " order_{i}_{j}#198: x_14_2 = 1 -> u_14 - u_2 = -1\n",
      " order_{i}_{j}#199: x_14_3 = 1 -> u_14 - u_3 = -1\n",
      " order_{i}_{j}#200: x_14_4 = 1 -> u_14 - u_4 = -1\n",
      " order_{i}_{j}#201: x_14_5 = 1 -> u_14 - u_5 = -1\n",
      " order_{i}_{j}#202: x_14_6 = 1 -> u_14 - u_6 = -1\n",
      " order_{i}_{j}#203: x_14_7 = 1 -> u_14 - u_7 = -1\n",
      " order_{i}_{j}#204: x_14_8 = 1 -> u_14 - u_8 = -1\n",
      " order_{i}_{j}#205: x_14_9 = 1 -> u_14 - u_9 = -1\n",
      " order_{i}_{j}#206: x_14_10 = 1 -> u_14 - u_10 = -1\n",
      " order_{i}_{j}#207: x_14_11 = 1 -> u_14 - u_11 = -1\n",
      " order_{i}_{j}#208: x_14_12 = 1 -> u_14 - u_12 = -1\n",
      " order_{i}_{j}#209: x_14_13 = 1 -> u_14 - u_13 = -1\n",
      " order_{i}_{j}#210: x_14_15 = 1 -> u_14 - u_15 = -1\n",
      " order_{i}_{j}#211: x_15_1 = 1 -> u_15 - u_1 = -1\n",
      " order_{i}_{j}#212: x_15_2 = 1 -> u_15 - u_2 = -1\n",
      " order_{i}_{j}#213: x_15_3 = 1 -> u_15 - u_3 = -1\n",
      " order_{i}_{j}#214: x_15_4 = 1 -> u_15 - u_4 = -1\n",
      " order_{i}_{j}#215: x_15_5 = 1 -> u_15 - u_5 = -1\n",
      " order_{i}_{j}#216: x_15_6 = 1 -> u_15 - u_6 = -1\n",
      " order_{i}_{j}#217: x_15_7 = 1 -> u_15 - u_7 = -1\n",
      " order_{i}_{j}#218: x_15_8 = 1 -> u_15 - u_8 = -1\n",
      " order_{i}_{j}#219: x_15_9 = 1 -> u_15 - u_9 = -1\n",
      " order_{i}_{j}#220: x_15_10 = 1 -> u_15 - u_10 = -1\n",
      " order_{i}_{j}#221: x_15_11 = 1 -> u_15 - u_11 = -1\n",
      " order_{i}_{j}#222: x_15_12 = 1 -> u_15 - u_12 = -1\n",
      " order_{i}_{j}#223: x_15_13 = 1 -> u_15 - u_13 = -1\n",
      " order_{i}_{j}#224: x_15_14 = 1 -> u_15 - u_14 = -1\n",
      "\n",
      "Bounds\n",
      " 0 <= x_0_1 <= 1\n",
      " 0 <= x_0_2 <= 1\n",
      " 0 <= x_0_3 <= 1\n",
      " 0 <= x_0_4 <= 1\n",
      " 0 <= x_0_5 <= 1\n",
      " 0 <= x_0_6 <= 1\n",
      " 0 <= x_0_7 <= 1\n",
      " 0 <= x_0_8 <= 1\n",
      " 0 <= x_0_9 <= 1\n",
      " 0 <= x_0_10 <= 1\n",
      " 0 <= x_0_11 <= 1\n",
      " 0 <= x_0_12 <= 1\n",
      " 0 <= x_0_13 <= 1\n",
      " 0 <= x_0_14 <= 1\n",
